[{"line": "hvmv115b1_sw", "index": 1, "from_br": "HVMV115_HSB1", "to_br": "HVMV115_HSB2", "is_Switch": 1, "nPhase": 3, "Phase": "ABC", "length": 0.001, "r": [0.001, 0.0, 0.0, 0.0, 0.001, 0.0, 0.0, 0.0, 0.001], "x": [0.001, 0.0, 0.0, 0.0, 0.001, 0.0, 0.0, 0.0, 0.001], "feeder": 0, "f_X": 46.6960952, "f_Y": -119.0701878, "t_X": 46.6956596, "t_Y": -119.07071}, {"line": "hvmv69s1b4_sw", "index": 3, "from_br": "REGXFMR_HVMV69SUB1_LSB1", "to_br": "HVMV69SUB1_LSB2", "is_Switch": 1, "nPhase": 3, "Phase": "ABC", "length": 0.001, "r": [0.001, 0.0, 0.0, 0.0, 0.001, 0.0, 0.0, 0.0, 0.001], "x": [0.001, 0.0, 0.0, 0.0, 0.001, 0.0, 0.0, 0.0, 0.001], "feeder": 0, "f_X": 46.695224, "f_Y": -119.0712322, "t_X": 46.69478842, "t_Y": -119.0717544}, {"line": "hvmv69s1b1_sw", "index": 4, "from_br": "HVMV69SUB1_LSB2", "to_br": "HVMV69SUB1_HSB", "is_Switch": 1, "nPhase": 3, "Phase": "ABC", "length": 0.001, "r": [0.001, 0.0, 0.0, 0.0, 0.001, 0.0, 0.0, 0.0, 0.001], "x": [0.001, 0.0, 0.0, 0.0, 0.001, 0.0, 0.0, 0.0, 0.001], "feeder": 1, "f_X": 46.69478842, "f_Y": -119.0717544, "t_X": 46.69391722, "t_Y": -119.0727987}, {"line": "hvmv_sub_connector", "index": 10, "from_br": "HVMV11SUB1_LSB", "to_br": "HVMV_SUB1_48332", "is_Switch": 1, "nPhase": 3, "Phase": "ABC", "length": 0.001, "r": [0.001, 0.0, 0.0, 0.0, 0.001, 0.0, 0.0, 0.0, 0.001], "x": [0.009999999999999998, 0.0, 0.0, 0.0, 0.009999999999999998, 0.0, 0.0, 0.0, 0.009999999999999998], "feeder": 1, "f_X": 46.69304604, "f_Y": -119.0738431, "t_X": 46.69261044, "t_Y": -119.0743653}, {"line": "ln5710794-3", "index": 12, "from_br": "HVMV_SUB1_48332", "to_br": "D5710794-3_INT", "is_Switch": 0, "nPhase": 3, "Phase": "ABC", "length": 0.019436038, "r": [0.214162, 0.0557957, 0.0571636, 0.0557957, 0.212131, 0.0560892, 0.0571636, 0.0560892, 0.214801], "x": [0.634957, 0.27487, 0.246528, 0.27487, 0.652375, 0.29092, 0.246528, 0.29092, 0.629544], "feeder": 1, "f_X": 46.69261044, "f_Y": -119.0743653, "t_X": 46.69217484, "t_Y": -119.0748875}, {"line": "hvmv69s1b2_sw", "index": 14, "from_br": "D5710794-3_INT", "to_br": "E192860", "is_Switch": 1, "nPhase": 3, "Phase": "ABC", "length": 0.001, "r": [0.001, 0.0, 0.0, 0.0, 0.001, 0.0, 0.0, 0.0, 0.001], "x": [0.001, 0.0, 0.0, 0.0, 0.001, 0.0, 0.0, 0.0, 0.001], "feeder": 1, "f_X": 46.69217484, "f_Y": -119.0748875, "t_X": 46.69173926, "t_Y": -119.0754097}, {"line": "hvmv69s1b3_sw", "index": 5, "from_br": "HVMV69SUB1_LSB2", "to_br": "HVMV69S1S2_1", "is_Switch": 1, "nPhase": 3, "Phase": "ABC", "length": 0.001, "r": [0.001, 0.0, 0.0, 0.0, 0.001, 0.0, 0.0, 0.0, 0.001], "x": [0.001, 0.0, 0.0, 0.0, 0.001, 0.0, 0.0, 0.0, 0.001], "feeder": 0, "f_X": 46.69478842, "f_Y": -119.0717544, "t_X": 46.69391722, "t_Y": -119.07071}, {"line": "hvmv69s1s2-1", "index": 7, "from_br": "HVMV69S1S2_1", "to_br": "HVMV69S1S2_2", "is_Switch": 0, "nPhase": 3, "Phase": "ABC", "length": 1.0, "r": [0.2177, 0.05922, 0.05922, 0.05922, 0.2177, 0.05922, 0.05922, 0.05922, 0.2177], "x": [0.8724, 0.4592, 0.4162, 0.4592, 0.8724, 0.4582, 0.4162, 0.4582, 0.8724], "feeder": 0, "f_X": 46.69391722, "f_Y": -119.07071, "t_X": 46.6804138, "t_Y": -119.0691435}, {"line": "hvmv69s1s2-2", "index": 9, "from_br": "HVMV69S1S2_2", "to_br": "HVMV69S1S2_3", "is_Switch": 0, "nPhase": 3, "Phase": "ABC", "length": 0.75, "r": [0.2177, 0.05922, 0.05922, 0.05922, 0.2177, 0.05922, 0.05922, 0.05922, 0.2177], "x": [0.8724, 0.4592, 0.4162, 0.4592, 0.8724, 0.4582, 0.4162, 0.4582, 0.8724], "feeder": 0, "f_X": 46.6804138, "f_Y": -119.0691435, "t_X": 46.6717019, "t_Y": -119.0696656}, {"line": "hvmv69s1s2-3", "index": 11, "from_br": "HVMV69S1S2_3", "to_br": "HVMV69S1S2_4", "is_Switch": 0, "nPhase": 3, "Phase": "ABC", "length": 0.75, "r": [0.2177, 0.05922, 0.05922, 0.05922, 0.2177, 0.05922, 0.05922, 0.05922, 0.2177], "x": [0.8724, 0.4592, 0.4162, 0.4592, 0.8724, 0.4582, 0.4162, 0.4582, 0.8724], "feeder": 0, "f_X": 46.6717019, "f_Y": -119.0696656, "t_X": 46.66734596, "t_Y": -119.0811537}, {"line": "hvmv69s1s2-4", "index": 13, "from_br": "HVMV69S1S2_4", "to_br": "HVMV69S1S2_5", "is_Switch": 0, "nPhase": 3, "Phase": "ABC", "length": 2.0, "r": [0.2177, 0.05922, 0.05922, 0.05922, 0.2177, 0.05922, 0.05922, 0.05922, 0.2177], "x": [0.8724, 0.4592, 0.4162, 0.4592, 0.8724, 0.4582, 0.4162, 0.4582, 0.8724], "feeder": 0, "f_X": 46.66734596, "f_Y": -119.0811537, "t_X": 46.66734596, "t_Y": -119.1072628}, {"line": "hvmv69s1s2-5", "index": 15, "from_br": "HVMV69S1S2_5", "to_br": "HVMV69S1S2_6", "is_Switch": 0, "nPhase": 3, "Phase": "ABC", "length": 2.0, "r": [0.2177, 0.05922, 0.05922, 0.05922, 0.2177, 0.05922, 0.05922, 0.05922, 0.2177], "x": [0.8724, 0.4592, 0.4162, 0.4592, 0.8724, 0.4582, 0.4162, 0.4582, 0.8724], "feeder": 0, "f_X": 46.66734596, "f_Y": -119.1072628, "t_X": 46.65427812, "t_Y": -119.1333719}, {"line": "hvmv69s1s2-6", "index": 17, "from_br": "HVMV69S1S2_6", "to_br": "HVMV69S1S2_7", "is_Switch": 0, "nPhase": 3, "Phase": "ABC", "length": 2.0, "r": [0.2177, 0.05922, 0.05922, 0.05922, 0.2177, 0.05922, 0.05922, 0.05922, 0.2177], "x": [0.8724, 0.4592, 0.4162, 0.4592, 0.8724, 0.4582, 0.4162, 0.4582, 0.8724], "feeder": 0, "f_X": 46.65427812, "f_Y": -119.1333719, "t_X": 46.64338826, "t_Y": -119.1594811}, {"line": "hvmv69s1s2-7", "index": 19, "from_br": "HVMV69S1S2_7", "to_br": "HVMV69S1S2_8", "is_Switch": 0, "nPhase": 3, "Phase": "ABC", "length": 1.0, "r": [0.2177, 0.05922, 0.05922, 0.05922, 0.2177, 0.05922, 0.05922, 0.05922, 0.2177], "x": [0.8724, 0.4592, 0.4162, 0.4592, 0.8724, 0.4582, 0.4162, 0.4582, 0.8724], "feeder": 0, "f_X": 46.64338826, "f_Y": -119.1594811, "t_X": 46.63685434, "t_Y": -119.1751466}, {"line": "hvmv69s1s2-8", "index": 21, "from_br": "HVMV69S1S2_8", "to_br": "HVMV69S1S2_9", "is_Switch": 0, "nPhase": 3, "Phase": "ABC", "length": 1.0, "r": [0.2177, 0.05922, 0.05922, 0.05922, 0.2177, 0.05922, 0.05922, 0.05922, 0.2177], "x": [0.8724, 0.4592, 0.4162, 0.4592, 0.8724, 0.4582, 0.4162, 0.4582, 0.8724], "feeder": 0, "f_X": 46.63685434, "f_Y": -119.1751466, "t_X": 46.62901364, "t_Y": -119.190812}, {"line": "hvmv69s1s2-9", "index": 23, "from_br": "HVMV69S1S2_9", "to_br": "HVMV69S1S2_10", "is_Switch": 0, "nPhase": 3, "Phase": "ABC", "length": 1.0, "r": [0.2177, 0.05922, 0.05922, 0.05922, 0.2177, 0.05922, 0.05922, 0.05922, 0.2177], "x": [0.8724, 0.4592, 0.4162, 0.4592, 0.8724, 0.4582, 0.4162, 0.4582, 0.8724], "feeder": 0, "f_X": 46.62901364, "f_Y": -119.190812, "t_X": 46.62073734, "t_Y": -119.2033444}, {"line": "hvmv69s1s2-10", "index": 25, "from_br": "HVMV69S1S2_10", "to_br": "HVMV69SUB2_LNB", "is_Switch": 1, "nPhase": 3, "Phase": "ABC", "length": 0.001, "r": [0.001, 0.0, 0.0, 0.0, 0.001, 0.0, 0.0, 0.0, 0.001], "x": [0.001, 0.0, 0.0, 0.0, 0.001, 0.0, 0.0, 0.0, 0.001], "feeder": 0, "f_X": 46.62073734, "f_Y": -119.2033444, "t_X": 46.62073734, "t_Y": -119.2047543}, {"line": "hvmv69s2b1_sw", "index": 27, "from_br": "HVMV69SUB2_LNB", "to_br": "HVMV69SUB2_HSB", "is_Switch": 1, "nPhase": 3, "Phase": "ABC", "length": 0.001, "r": [0.001, 0.0, 0.0, 0.0, 0.001, 0.0, 0.0, 0.0, 0.001], "x": [0.001, 0.0, 0.0, 0.0, 0.001, 0.0, 0.0, 0.0, 0.001], "feeder": 2, "f_X": 46.62073734, "f_Y": -119.2047543, "t_X": 46.62160852, "t_Y": -119.2047543}, {"line": "hvmv69s2b2_sw", "index": 36, "from_br": "HVMV11SUB2_LSB", "to_br": "M1047300", "is_Switch": 1, "nPhase": 3, "Phase": "ABC", "length": 0.001, "r": [0.001, 0.0, 0.0, 0.0, 0.001, 0.0, 0.0, 0.0, 0.001], "x": [0.001, 0.0, 0.0, 0.0, 0.001, 0.0, 0.0, 0.0, 0.001], "feeder": 2, "f_X": 46.6233509, "f_Y": -119.2047543, "t_X": 46.6247246, "t_Y": -119.2047392}, {"line": "hvmv69s2b3_sw", "index": 28, "from_br": "HVMV69SUB2_LNB", "to_br": "HVMV69S2S3_1", "is_Switch": 1, "nPhase": 3, "Phase": "ABC", "length": 0.001, "r": [0.001, 0.0, 0.0, 0.0, 0.001, 0.0, 0.0, 0.0, 0.001], "x": [0.001, 0.0, 0.0, 0.0, 0.001, 0.0, 0.0, 0.0, 0.001], "feeder": 0, "f_X": 46.62073734, "f_Y": -119.2047543, "t_X": 46.62073734, "t_Y": -119.2059553}, {"line": "hvmv69s2s3-1", "index": 31, "from_br": "HVMV69S2S3_1", "to_br": "HVMV69S2S3_2", "is_Switch": 0, "nPhase": 3, "Phase": "ABC", "length": 4.5, "r": [0.2177, 0.05922, 0.05922, 0.05922, 0.2177, 0.05922, 0.05922, 0.05922, 0.2177], "x": [0.8724, 0.4592, 0.4162, 0.4592, 0.8724, 0.4582, 0.4162, 0.4582, 0.8724], "feeder": 0, "f_X": 46.62073734, "f_Y": -119.2059553, "t_X": 46.679107, "t_Y": -119.2401583}, {"line": "hvmv69s3b1_sw", "index": 34, "from_br": "HVMV69S2S3_2", "to_br": "HVMV69SUB3_HSB", "is_Switch": 1, "nPhase": 3, "Phase": "ABC", "length": 0.001, "r": [0.001, 0.0, 0.0, 0.0, 0.001, 0.0, 0.0, 0.0, 0.001], "x": [0.001, 0.0, 0.0, 0.0, 0.001, 0.0, 0.0, 0.0, 0.001], "feeder": 3, "f_X": 46.679107, "f_Y": -119.2401583, "t_X": 46.6799782, "t_Y": -119.2404194}, {"line": "hvmv69s3b2_sw", "index": 46, "from_br": "HVMV11SUB3_LSB", "to_br": "E203026", "is_Switch": 1, "nPhase": 3, "Phase": "ABC", "length": 0.001, "r": [0.001, 0.0, 0.0, 0.0, 0.001, 0.0, 0.0, 0.0, 0.001], "x": [0.001, 0.0, 0.0, 0.0, 0.001, 0.0, 0.0, 0.0, 0.001], "feeder": 3, "f_X": 46.68172058, "f_Y": -119.2409416, "t_X": 46.68271272, "t_Y": -119.2412838}, {"line": "ln5815900-1", "index": 16, "from_br": "E192860", "to_br": "M1209817", "is_Switch": 0, "nPhase": 3, "Phase": "ABC", "length": 0.019593344, "r": [0.214162, 0.0557957, 0.0571636, 0.0557957, 0.212131, 0.0560892, 0.0571636, 0.0560892, 0.214801], "x": [0.634957, 0.27487, 0.246528, 0.27487, 0.652375, 0.29092, 0.246528, 0.29092, 0.629544], "feeder": 1, "f_X": 46.69173926, "f_Y": -119.0754097, "t_X": 46.69164238, "t_Y": -119.0758362}, {"line": "ln5742828-1", "index": 18, "from_br": "M1209817", "to_br": "L2801909", "is_Switch": 0, "nPhase": 3, "Phase": "ABC", "length": 0.025252282, "r": [0.214162, 0.0557957, 0.0571636, 0.0557957, 0.212131, 0.0560892, 0.0571636, 0.0560892, 0.214801], "x": [0.634957, 0.27487, 0.246528, 0.27487, 0.652375, 0.29092, 0.246528, 0.29092, 0.629544], "feeder": 1, "f_X": 46.69164238, "f_Y": -119.0758362, "t_X": 46.69128624, "t_Y": -119.0759062}, {"line": "ln5742828-2", "index": 20, "from_br": "L2801909", "to_br": "M1209814", "is_Switch": 0, "nPhase": 3, "Phase": "ABC", "length": 0.069272706, "r": [0.214162, 0.0557957, 0.0571636, 0.0557957, 0.212131, 0.0560892, 0.0571636, 0.0560892, 0.214801], "x": [0.634957, 0.27487, 0.246528, 0.27487, 0.652375, 0.29092, 0.246528, 0.29092, 0.629544], "feeder": 1, "f_X": 46.69128624, "f_Y": -119.0759062, "t_X": 46.69030928, "t_Y": -119.0760983}, {"line": "ln5473414-1", "index": 22, "from_br": "M1209814", "to_br": "M1209811", "is_Switch": 0, "nPhase": 3, "Phase": "ABC", "length": 0.10694866, "r": [0.214162, 0.0557957, 0.0571636, 0.0557957, 0.212131, 0.0560892, 0.0571636, 0.0560892, 0.214801], "x": [0.634957, 0.27487, 0.246528, 0.27487, 0.652375, 0.29092, 0.246528, 0.29092, 0.629544], "feeder": 1, "f_X": 46.69030928, "f_Y": -119.0760983, "t_X": 46.68880242, "t_Y": -119.0764049}, {"line": "ln5714974-1", "index": 24, "from_br": "M1209811", "to_br": "M1209807", "is_Switch": 0, "nPhase": 3, "Phase": "ABC", "length": 0.12260449, "r": [0.214162, 0.0557957, 0.0571636, 0.0557957, 0.212131, 0.0560892, 0.0571636, 0.0560892, 0.214801], "x": [0.634957, 0.27487, 0.246528, 0.27487, 0.652375, 0.29092, 0.246528, 0.29092, 0.629544], "feeder": 1, "f_X": 46.68880242, "f_Y": -119.0764049, "t_X": 46.68707638, "t_Y": -119.0767661}, {"line": "ln5896798-1", "index": 26, "from_br": "M1209807", "to_br": "M1209805", "is_Switch": 0, "nPhase": 3, "Phase": "ABC", "length": 0.044159942, "r": [0.214162, 0.0557957, 0.0571636, 0.0557957, 0.212131, 0.0560892, 0.0571636, 0.0560892, 0.214801], "x": [0.634957, 0.27487, 0.246528, 0.27487, 0.652375, 0.29092, 0.246528, 0.29092, 0.629544], "feeder": 1, "f_X": 46.68707638, "f_Y": -119.0767661, "t_X": 46.6870583, "t_Y": -119.0775224}, {"line": "ln5775442-1", "index": 29, "from_br": "M1209805", "to_br": "L2823592", "is_Switch": 0, "nPhase": 3, "Phase": "ABC", "length": 0.10556016, "r": [0.270019, 0.109951, 0.113538, 0.109951, 0.264634, 0.110747, 0.113538, 0.110747, 0.271698], "x": [0.695974, 0.33351, 0.308271, 0.33351, 0.708729, 0.350259, 0.308271, 0.350259, 0.692021], "feeder": 1, "f_X": 46.6870583, "f_Y": -119.0775224, "t_X": 46.68625512, "t_Y": -119.0790532}, {"line": "cap_1a", "index": 32, "from_br": "L2823592", "to_br": "L2823592_CAP", "is_Switch": 0, "nPhase": 1, "Phase": "A", "length": 0.001, "r": [1.0], "x": [1.0], "feeder": 1, "f_X": 46.68625512, "f_Y": -119.0790532, "t_X": 46.68625, "t_Y": -119.079055}, {"line": "ln5513564-2", "index": 35, "from_br": "L2823592_CAP", "to_br": "R20185", "is_Switch": 0, "nPhase": 3, "Phase": "ABC", "length": 1.0, "r": [0.09813333333333332, 0.04013333333333333, 0.04013333333333333, 0.04013333333333333, 0.09813333333333332, 0.04013333333333333, 0.04013333333333333, 0.04013333333333333, 0.09813333333333332], "x": [0.2153, 0.0947, 0.0947, 0.0947, 0.2153, 0.0947, 0.0947, 0.0947, 0.2153], "feeder": 1, "t_X": 46.68625238, "t_Y": -119.0790649, "f_X": 46.68625, "f_Y": -119.079055}, {"line": "ln5513564-1", "index": 38, "from_br": "R20185", "to_br": "D5513564-1_INT", "is_Switch": 0, "nPhase": 3, "Phase": "ABC", "length": 0.021280456, "r": [0.270019, 0.109951, 0.113538, 0.109951, 0.264634, 0.110747, 0.113538, 0.110747, 0.271698], "x": [0.695974, 0.33351, 0.308271, 0.33351, 0.708729, 0.350259, 0.308271, 0.350259, 0.692021], "feeder": 1, "f_X": 46.68625238, "f_Y": -119.0790649, "t_X": 46.68585872, "t_Y": -119.079326}, {"line": "xj171_48332_sw", "index": 42, "from_br": "D5513564-1_INT", "to_br": "E192201", "is_Switch": 1, "nPhase": 3, "Phase": "ABC", "length": 0.001, "r": [0.001, 0.0, 0.0, 0.0, 0.001, 0.0, 0.0, 0.0, 0.001], "x": [0.001, 0.0, 0.0, 0.0, 0.001, 0.0, 0.0, 0.0, 0.001], "feeder": 1, "f_X": 46.68585872, "f_Y": -119.079326, "t_X": 46.68576734, "t_Y": -119.0800287}, {"line": "ln6321409-1", "index": 47, "from_br": "E192201", "to_br": "M1209800", "is_Switch": 0, "nPhase": 3, "Phase": "ABC", "length": 0.055682141, "r": [0.270019, 0.109951, 0.113538, 0.109951, 0.264634, 0.110747, 0.113538, 0.110747, 0.271698], "x": [0.695974, 0.33351, 0.308271, 0.33351, 0.708729, 0.350259, 0.308271, 0.350259, 0.692021], "feeder": 1, "f_X": 46.68576734, "f_Y": -119.0800287, "t_X": 46.68533204, "t_Y": -119.0808273}, {"line": "ln5654466-1", "index": 53, "from_br": "M1209800", "to_br": "M1209797", "is_Switch": 0, "nPhase": 3, "Phase": "ABC", "length": 0.075404767, "r": [0.270019, 0.109951, 0.113538, 0.109951, 0.264634, 0.110747, 0.113538, 0.110747, 0.271698], "x": [0.695974, 0.33351, 0.308271, 0.33351, 0.708729, 0.350259, 0.308271, 0.350259, 0.692021], "feeder": 1, "f_X": 46.68533204, "f_Y": -119.0808273, "t_X": 46.68476974, "t_Y": -119.0819293}, {"line": "ln6291242-1", "index": 61, "from_br": "M1209797", "to_br": "M1209791", "is_Switch": 0, "nPhase": 3, "Phase": "ABC", "length": 0.066599759, "r": [0.270019, 0.109951, 0.113538, 0.109951, 0.264634, 0.110747, 0.113538, 0.110747, 0.271698], "x": [0.695974, 0.33351, 0.308271, 0.33351, 0.708729, 0.350259, 0.308271, 0.350259, 0.692021], "feeder": 1, "f_X": 46.68476974, "f_Y": -119.0819293, "t_X": 46.68432474, "t_Y": -119.0829379}, {"line": "ln5654472-1", "index": 69, "from_br": "M1209791", "to_br": "M1209790", "is_Switch": 0, "nPhase": 3, "Phase": "ABC", "length": 0.055242928, "r": [0.270019, 0.109951, 0.113538, 0.109951, 0.264634, 0.110747, 0.113538, 0.110747, 0.271698], "x": [0.695974, 0.33351, 0.308271, 0.33351, 0.708729, 0.350259, 0.308271, 0.350259, 0.692021], "feeder": 1, "f_X": 46.68432474, "f_Y": -119.0829379, "t_X": 46.68393902, "t_Y": -119.0837637}, {"line": "ln5594242-1", "index": 81, "from_br": "M1209790", "to_br": "M1209788", "is_Switch": 0, "nPhase": 3, "Phase": "ABC", "length": 0.059115704, "r": [0.270019, 0.109951, 0.113538, 0.109951, 0.264634, 0.110747, 0.113538, 0.110747, 0.271698], "x": [0.695974, 0.33351, 0.308271, 0.33351, 0.708729, 0.350259, 0.308271, 0.350259, 0.692021], "feeder": 1, "f_X": 46.68393902, "f_Y": -119.0837637, "t_X": 46.68360496, "t_Y": -119.0846939}, {"line": "ln6351519-1", "index": 93, "from_br": "M1209788", "to_br": "M1209787", "is_Switch": 0, "nPhase": 3, "Phase": "ABC", "length": 0.10721017, "r": [0.270019, 0.109951, 0.113538, 0.109951, 0.264634, 0.110747, 0.113538, 0.110747, 0.271698], "x": [0.695974, 0.33351, 0.308271, 0.33351, 0.708729, 0.350259, 0.308271, 0.350259, 0.692021], "feeder": 1, "f_X": 46.68360496, "f_Y": -119.0846939, "t_X": 46.68298864, "t_Y": -119.0863755}, {"line": "ln6261021-1", "index": 101, "from_br": "M1209787", "to_br": "L2823611", "is_Switch": 0, "nPhase": 3, "Phase": "ABC", "length": 0.12435365, "r": [0.270019, 0.109951, 0.113538, 0.109951, 0.264634, 0.110747, 0.113538, 0.110747, 0.271698], "x": [0.695974, 0.33351, 0.308271, 0.33351, 0.708729, 0.350259, 0.308271, 0.350259, 0.692021], "feeder": 1, "f_X": 46.68298864, "f_Y": -119.0863755, "t_X": 46.68227766, "t_Y": -119.088328}, {"line": "ln5473440-1", "index": 113, "from_br": "L2823611", "to_br": "L3030204", "is_Switch": 0, "nPhase": 3, "Phase": "ABC", "length": 0.083489919, "r": [0.270019, 0.109951, 0.113538, 0.109951, 0.264634, 0.110747, 0.113538, 0.110747, 0.271698], "x": [0.695974, 0.33351, 0.308271, 0.33351, 0.708729, 0.350259, 0.308271, 0.350259, 0.692021], "feeder": 1, "f_X": 46.68227766, "f_Y": -119.088328, "t_X": 46.6816312, "t_Y": -119.0895302}, {"line": "ln5866268-1", "index": 125, "from_br": "L3030204", "to_br": "M1186072", "is_Switch": 0, "nPhase": 3, "Phase": "ABC", "length": 0.067199597, "r": [0.270019, 0.109951, 0.113538, 0.109951, 0.264634, 0.110747, 0.113538, 0.110747, 0.271698], "x": [0.695974, 0.33351, 0.308271, 0.33351, 0.708729, 0.350259, 0.308271, 0.350259, 0.692021], "feeder": 1, "f_X": 46.6816312, "f_Y": -119.0895302, "t_X": 46.68128498, "t_Y": -119.0900308}, {"line": "ln0048634_sw", "index": 136, "from_br": "M1186072", "to_br": "D6048634-1_INT", "is_Switch": 1, "nPhase": 3, "Phase": "ABC", "length": 0.001, "r": [0.001, 0.0, 0.0, 0.0, 0.001, 0.0, 0.0, 0.0, 0.001], "x": [0.001, 0.0, 0.0, 0.0, 0.001, 0.0, 0.0, 0.0, 0.001], "feeder": 1, "f_X": 46.68128498, "f_Y": -119.0900308, "t_X": 46.68084938, "t_Y": -119.0908141}, {"line": "ln6048634-1", "index": 147, "from_br": "D6048634-1_INT", "to_br": "M1186067", "is_Switch": 0, "nPhase": 3, "Phase": "ABC", "length": 0.042173829, "r": [0.270019, 0.109951, 0.113538, 0.109951, 0.264634, 0.110747, 0.113538, 0.110747, 0.271698], "x": [0.695974, 0.33351, 0.308271, 0.33351, 0.708729, 0.350259, 0.308271, 0.350259, 0.692021], "feeder": 1, "f_X": 46.68084938, "f_Y": -119.0908141, "t_X": 46.68073852, "t_Y": -119.0910683}, {"line": "ln6504019-5", "index": 159, "from_br": "M1186067", "to_br": "M3032980", "is_Switch": 0, "nPhase": 3, "Phase": "ABC", "length": 0.05014083, "r": [0.270019, 0.109951, 0.113538, 0.109951, 0.264634, 0.110747, 0.113538, 0.110747, 0.271698], "x": [0.695974, 0.33351, 0.308271, 0.33351, 0.708729, 0.350259, 0.308271, 0.350259, 0.692021], "feeder": 1, "f_X": 46.68073852, "f_Y": -119.0910683, "t_X": 46.68033208, "t_Y": -119.0917758}, {"line": "ln6504020-2", "index": 168, "from_br": "M3032980", "to_br": "M3032977", "is_Switch": 0, "nPhase": 3, "Phase": "ABC", "length": 0.25744439, "r": [0.270019, 0.109951, 0.113538, 0.109951, 0.264634, 0.110747, 0.113538, 0.110747, 0.271698], "x": [0.695974, 0.33351, 0.308271, 0.33351, 0.708729, 0.350259, 0.308271, 0.350259, 0.692021], "feeder": 1, "f_X": 46.68033208, "f_Y": -119.0917758, "t_X": 46.68104588, "t_Y": -119.0960884}, {"line": "ln6504018-1", "index": 178, "from_br": "M3032977", "to_br": "M1166366", "is_Switch": 0, "nPhase": 3, "Phase": "ABC", "length": 0.3076146, "r": [0.270019, 0.109951, 0.113538, 0.109951, 0.264634, 0.110747, 0.113538, 0.110747, 0.271698], "x": [0.695974, 0.33351, 0.308271, 0.33351, 0.708729, 0.350259, 0.308271, 0.350259, 0.692021], "feeder": 1, "f_X": 46.68104588, "f_Y": -119.0960884, "t_X": 46.68152696, "t_Y": -119.1013242}, {"line": "ln5957526-1", "index": 193, "from_br": "M1166366", "to_br": "M1166368", "is_Switch": 0, "nPhase": 3, "Phase": "ABC", "length": 0.041168179, "r": [0.270019, 0.109951, 0.113538, 0.109951, 0.264634, 0.110747, 0.113538, 0.110747, 0.271698], "x": [0.695974, 0.33351, 0.308271, 0.33351, 0.708729, 0.350259, 0.308271, 0.350259, 0.692021], "feeder": 1, "f_X": 46.68152696, "f_Y": -119.1013242, "t_X": 46.68161568, "t_Y": -119.1020214}, {"line": "ln5715052-1", "index": 211, "from_br": "M1166368", "to_br": "L2973833", "is_Switch": 0, "nPhase": 3, "Phase": "ABC", "length": 0.10508824, "r": [0.270019, 0.109951, 0.113538, 0.109951, 0.264634, 0.110747, 0.113538, 0.110747, 0.271698], "x": [0.695974, 0.33351, 0.308271, 0.33351, 0.708729, 0.350259, 0.308271, 0.350259, 0.692021], "feeder": 1, "f_X": 46.68161568, "f_Y": -119.1020214, "t_X": 46.68181916, "t_Y": -119.1038052}, {"line": "ln5866308-1", "index": 233, "from_br": "L2973833", "to_br": "M1166373", "is_Switch": 0, "nPhase": 3, "Phase": "ABC", "length": 0.041401205, "r": [0.270019, 0.109951, 0.113538, 0.109951, 0.264634, 0.110747, 0.113538, 0.110747, 0.271698], "x": [0.695974, 0.33351, 0.308271, 0.33351, 0.708729, 0.350259, 0.308271, 0.350259, 0.692021], "feeder": 1, "f_X": 46.68181916, "f_Y": -119.1038052, "t_X": 46.68186144, "t_Y": -119.1045127}, {"line": "ln6412354-1", "index": 257, "from_br": "M1166373", "to_br": "M1166374", "is_Switch": 0, "nPhase": 3, "Phase": "ABC", "length": 0.009347399, "r": [0.270019, 0.109951, 0.113538, 0.109951, 0.264634, 0.110747, 0.113538, 0.110747, 0.271698], "x": [0.695974, 0.33351, 0.308271, 0.33351, 0.708729, 0.350259, 0.308271, 0.350259, 0.692021], "feeder": 1, "f_X": 46.68186144, "f_Y": -119.1045127, "t_X": 46.68187098, "t_Y": -119.1046724}, {"line": "ln6412355-1", "index": 281, "from_br": "M1166374", "to_br": "L2786266", "is_Switch": 0, "nPhase": 3, "Phase": "ABC", "length": 0.06764679, "r": [0.270019, 0.109951, 0.113538, 0.109951, 0.264634, 0.110747, 0.113538, 0.110747, 0.271698], "x": [0.695974, 0.33351, 0.308271, 0.33351, 0.708729, 0.350259, 0.308271, 0.350259, 0.692021], "feeder": 1, "f_X": 46.68187098, "f_Y": -119.1046724, "t_X": 46.68199478, "t_Y": -119.1058218}, {"line": "ln5745355-1", "index": 304, "from_br": "L2786266", "to_br": "M1166375", "is_Switch": 0, "nPhase": 3, "Phase": "ABC", "length": 0.034564588, "r": [0.270019, 0.109951, 0.113538, 0.109951, 0.264634, 0.110747, 0.113538, 0.110747, 0.271698], "x": [0.695974, 0.33351, 0.308271, 0.33351, 0.708729, 0.350259, 0.308271, 0.350259, 0.692021], "feeder": 1, "f_X": 46.68199478, "f_Y": -119.1058218, "t_X": 46.68205734, "t_Y": -119.1064092}, {"line": "ln5896834-1", "index": 330, "from_br": "M1166375", "to_br": "L2842383", "is_Switch": 0, "nPhase": 3, "Phase": "ABC", "length": 0.09683365, "r": [0.270019, 0.109951, 0.113538, 0.109951, 0.264634, 0.110747, 0.113538, 0.110747, 0.271698], "x": [0.695974, 0.33351, 0.308271, 0.33351, 0.708729, 0.350259, 0.308271, 0.350259, 0.692021], "feeder": 1, "f_X": 46.68205734, "f_Y": -119.1064092, "t_X": 46.68237166, "t_Y": -119.1080248}, {"line": "ln6023352-1", "index": 365, "from_br": "L2842383", "to_br": "D6023352-1_INT", "is_Switch": 0, "nPhase": 3, "Phase": "ABC", "length": 0.052958573, "r": [0.270019, 0.109951, 0.113538, 0.109951, 0.264634, 0.110747, 0.113538, 0.110747, 0.271698], "x": [0.695974, 0.33351, 0.308271, 0.33351, 0.708729, 0.350259, 0.308271, 0.350259, 0.692021], "feeder": 1, "f_X": 46.68237166, "f_Y": -119.1080248, "t_X": 46.68236962, "t_Y": -119.1084638}, {"line": "l9407_48332_sw", "index": 402, "from_br": "D6023352-1_INT", "to_br": "E184626", "is_Switch": 1, "nPhase": 3, "Phase": "ABC", "length": 0.001, "r": [0.001, 0.0, 0.0, 0.0, 0.001, 0.0, 0.0, 0.0, 0.001], "x": [0.001, 0.0, 0.0, 0.0, 0.001, 0.0, 0.0, 0.0, 0.001], "feeder": 1, "f_X": 46.68236962, "f_Y": -119.1084638, "t_X": 46.6823701, "t_Y": -119.1089321}, {"line": "ln6326450-1", "index": 434, "from_br": "E184626", "to_br": "M1166377", "is_Switch": 0, "nPhase": 3, "Phase": "ABC", "length": 0.010317742, "r": [0.270019, 0.109951, 0.113538, 0.109951, 0.264634, 0.110747, 0.113538, 0.110747, 0.271698], "x": [0.695974, 0.33351, 0.308271, 0.33351, 0.708729, 0.350259, 0.308271, 0.350259, 0.692021], "feeder": 1, "f_X": 46.6823701, "f_Y": -119.1089321, "t_X": 46.68236204, "t_Y": -119.1091086}, {"line": "ln5992960-1", "index": 466, "from_br": "M1166377", "to_br": "M1166376", "is_Switch": 0, "nPhase": 3, "Phase": "ABC", "length": 0.033759753, "r": [0.270019, 0.109951, 0.113538, 0.109951, 0.264634, 0.110747, 0.113538, 0.110747, 0.271698], "x": [0.695974, 0.33351, 0.308271, 0.33351, 0.708729, 0.350259, 0.308271, 0.350259, 0.692021], "feeder": 1, "f_X": 46.68236204, "f_Y": -119.1091086, "t_X": 46.68233676, "t_Y": -119.1096861}, {"line": "ln5508630-1", "index": 495, "from_br": "M1166376", "to_br": "L2842384", "is_Switch": 0, "nPhase": 3, "Phase": "ABC", "length": 0.005246984, "r": [0.270019, 0.109951, 0.113538, 0.109951, 0.264634, 0.110747, 0.113538, 0.110747, 0.271698], "x": [0.695974, 0.33351, 0.308271, 0.33351, 0.708729, 0.350259, 0.308271, 0.350259, 0.692021], "feeder": 1, "f_X": 46.68233676, "f_Y": -119.1096861, "t_X": 46.68233284, "t_Y": -119.1097759}, {"line": "ln5805762-1", "index": 519, "from_br": "L2842384", "to_br": "M1149236", "is_Switch": 0, "nPhase": 3, "Phase": "ABC", "length": 0.067772686, "r": [0.270019, 0.109951, 0.113538, 0.109951, 0.264634, 0.110747, 0.113538, 0.110747, 0.271698], "x": [0.695974, 0.33351, 0.308271, 0.33351, 0.708729, 0.350259, 0.308271, 0.350259, 0.692021], "feeder": 1, "f_X": 46.68233284, "f_Y": -119.1097759, "t_X": 46.68226664, "t_Y": -119.1109343}, {"line": "ln6018336-1", "index": 544, "from_br": "M1149236", "to_br": "M1149235", "is_Switch": 0, "nPhase": 3, "Phase": "ABC", "length": 0.041559119, "r": [0.270019, 0.109951, 0.113538, 0.109951, 0.264634, 0.110747, 0.113538, 0.110747, 0.271698], "x": [0.695974, 0.33351, 0.308271, 0.33351, 0.708729, 0.350259, 0.308271, 0.350259, 0.692021], "feeder": 1, "f_X": 46.68226664, "f_Y": -119.1109343, "t_X": 46.68224172, "t_Y": -119.1116456}, {"line": "ln5563942-4", "index": 566, "from_br": "M1149235", "to_br": "D5563942-4_INT", "is_Switch": 0, "nPhase": 3, "Phase": "ABC", "length": 0.031133341, "r": [0.270019, 0.109951, 0.113538, 0.109951, 0.264634, 0.110747, 0.113538, 0.110747, 0.271698], "x": [0.695974, 0.33351, 0.308271, 0.33351, 0.708729, 0.350259, 0.308271, 0.350259, 0.692021], "feeder": 1, "f_X": 46.68224172, "f_Y": -119.1116456, "t_X": 46.6822215, "t_Y": -119.1119625}, {"line": "2002200004868472_sw", "index": 587, "from_br": "D5563942-4_INT", "to_br": "Q16483", "is_Switch": 1, "nPhase": 3, "Phase": "ABC", "length": 0.001, "r": [0.001, 0.0, 0.0, 0.0, 0.001, 0.0, 0.0, 0.0, 0.001], "x": [0.001, 0.0, 0.0, 0.0, 0.001, 0.0, 0.0, 0.0, 0.001], "feeder": 1, "f_X": 46.6822215, "f_Y": -119.1119625, "t_X": 46.6822, "t_Y": -119.1121}, {"line": "cap_2a", "index": 605, "from_br": "Q16483", "to_br": "Q16483_CAP", "is_Switch": 0, "nPhase": 1, "Phase": "A", "length": 0.001, "r": [1.0], "x": [1.0], "feeder": 1, "f_X": 46.6822, "f_Y": -119.1121, "t_X": 46.6822, "t_Y": -119.1122}, {"line": "ln5563942-5", "index": 623, "from_br": "Q16483_CAP", "to_br": "R42247", "is_Switch": 0, "nPhase": 3, "Phase": "ABC", "length": 0.005259517, "r": [0.270019, 0.109951, 0.113538, 0.109951, 0.264634, 0.110747, 0.113538, 0.110747, 0.271698], "x": [0.695974, 0.33351, 0.308271, 0.33351, 0.708729, 0.350259, 0.308271, 0.350259, 0.692021], "feeder": 1, "t_X": 46.6822144, "t_Y": -119.1122683, "f_X": 46.6822, "f_Y": -119.1122}, {"line": "ln5563942-3", "index": 643, "from_br": "R42247", "to_br": "M1149233", "is_Switch": 0, "nPhase": 3, "Phase": "ABC", "length": 0.039748412, "r": [0.270019, 0.109951, 0.113538, 0.109951, 0.264634, 0.110747, 0.113538, 0.110747, 0.271698], "x": [0.695974, 0.33351, 0.308271, 0.33351, 0.708729, 0.350259, 0.308271, 0.350259, 0.692021], "feeder": 1, "f_X": 46.6822144, "f_Y": -119.1122683, "t_X": 46.68218458, "t_Y": -119.1129483}, {"line": "ln5896833-1", "index": 664, "from_br": "M1149233", "to_br": "L3048965", "is_Switch": 0, "nPhase": 3, "Phase": "ABC", "length": 0.097395629, "r": [0.270019, 0.109951, 0.113538, 0.109951, 0.264634, 0.110747, 0.113538, 0.110747, 0.271698], "x": [0.695974, 0.33351, 0.308271, 0.33351, 0.708729, 0.350259, 0.308271, 0.350259, 0.692021], "feeder": 1, "f_X": 46.68218458, "f_Y": -119.1129483, "t_X": 46.6820779, "t_Y": -119.114612}, {"line": "ln5805761-1", "index": 683, "from_br": "L3048965", "to_br": "M1142843", "is_Switch": 0, "nPhase": 3, "Phase": "ABC", "length": 0.051340388, "r": [0.270019, 0.109951, 0.113538, 0.109951, 0.264634, 0.110747, 0.113538, 0.110747, 0.271698], "x": [0.695974, 0.33351, 0.308271, 0.33351, 0.708729, 0.350259, 0.308271, 0.350259, 0.692021], "feeder": 1, "f_X": 46.6820779, "f_Y": -119.114612, "t_X": 46.6819893, "t_Y": -119.1154851}, {"line": "ln5895787-1", "index": 240, "from_br": "M1026329", "to_br": "M1026328", "is_Switch": 0, "nPhase": 3, "Phase": "ABC", "length": 0.034167636, "r": [0.270019, 0.109951, 0.113538, 0.109951, 0.264634, 0.110747, 0.113538, 0.110747, 0.271698], "x": [0.695974, 0.33351, 0.308271, 0.33351, 0.708729, 0.350259, 0.308271, 0.350259, 0.692021], "feeder": 2, "f_X": 46.6153648, "f_Y": -119.2182153, "t_X": 46.61502638, "t_Y": -119.2186373}, {"line": "ln5835149-1", "index": 218, "from_br": "M1026330", "to_br": "M1026329", "is_Switch": 0, "nPhase": 3, "Phase": "ABC", "length": 0.036059111, "r": [0.270019, 0.109951, 0.113538, 0.109951, 0.264634, 0.110747, 0.113538, 0.110747, 0.271698], "x": [0.695974, 0.33351, 0.308271, 0.33351, 0.708729, 0.350259, 0.308271, 0.350259, 0.692021], "feeder": 2, "t_X": 46.6153648, "t_Y": -119.2182153, "f_X": 46.6157226, "f_Y": -119.2177707}, {"line": "ln6198013-1", "index": 198, "from_br": "M1026331", "to_br": "M1026330", "is_Switch": 0, "nPhase": 3, "Phase": "ABC", "length": 0.056764184, "r": [0.270019, 0.109951, 0.113538, 0.109951, 0.264634, 0.110747, 0.113538, 0.110747, 0.271698], "x": [0.695974, 0.33351, 0.308271, 0.33351, 0.708729, 0.350259, 0.308271, 0.350259, 0.692021], "feeder": 2, "t_X": 46.6157226, "t_Y": -119.2177707, "f_X": 46.6162805, "f_Y": -119.2170647}, {"line": "ln6198013-2", "index": 182, "from_br": "M1026333", "to_br": "M1026331", "is_Switch": 0, "nPhase": 3, "Phase": "ABC", "length": 0.046120846, "r": [0.270019, 0.109951, 0.113538, 0.109951, 0.264634, 0.110747, 0.113538, 0.110747, 0.271698], "x": [0.695974, 0.33351, 0.308271, 0.33351, 0.708729, 0.350259, 0.308271, 0.350259, 0.692021], "feeder": 2, "t_X": 46.6162805, "t_Y": -119.2170647, "f_X": 46.61673378, "f_Y": -119.2164911}, {"line": "ln6017302-1", "index": 171, "from_br": "L2973162", "to_br": "M1026333", "is_Switch": 0, "nPhase": 3, "Phase": "ABC", "length": 0.053150629, "r": [0.270019, 0.109951, 0.113538, 0.109951, 0.264634, 0.110747, 0.113538, 0.110747, 0.271698], "x": [0.695974, 0.33351, 0.308271, 0.33351, 0.708729, 0.350259, 0.308271, 0.350259, 0.692021], "feeder": 2, "t_X": 46.61673378, "t_Y": -119.2164911, "f_X": 46.61725362, "f_Y": -119.2158272}, {"line": "ln5683830-1", "index": 161, "from_br": "M1026341", "to_br": "L2973162", "is_Switch": 0, "nPhase": 3, "Phase": "ABC", "length": 0.068567464, "r": [0.270019, 0.109951, 0.113538, 0.109951, 0.264634, 0.110747, 0.113538, 0.110747, 0.271698], "x": [0.695974, 0.33351, 0.308271, 0.33351, 0.708729, 0.350259, 0.308271, 0.350259, 0.692021], "feeder": 2, "t_X": 46.61725362, "t_Y": -119.2158272, "f_X": 46.6179223, "f_Y": -119.2149685}, {"line": "ln5623408-1", "index": 150, "from_br": "M1026347", "to_br": "M1026341", "is_Switch": 0, "nPhase": 3, "Phase": "ABC", "length": 0.050947837, "r": [0.270019, 0.109951, 0.113538, 0.109951, 0.264634, 0.110747, 0.113538, 0.110747, 0.271698], "x": [0.695974, 0.33351, 0.308271, 0.33351, 0.708729, 0.350259, 0.308271, 0.350259, 0.692021], "feeder": 2, "t_X": 46.6179223, "t_Y": -119.2149685, "f_X": 46.61845116, "f_Y": -119.2143685}, {"line": "ln5774496-1", "index": 138, "from_br": "L3235275", "to_br": "M1026347", "is_Switch": 0, "nPhase": 3, "Phase": "ABC", "length": 0.085972603, "r": [0.270019, 0.109951, 0.113538, 0.109951, 0.264634, 0.110747, 0.113538, 0.110747, 0.271698], "x": [0.695974, 0.33351, 0.308271, 0.33351, 0.708729, 0.350259, 0.308271, 0.350259, 0.692021], "feeder": 2, "t_X": 46.61845116, "t_Y": -119.2143685, "f_X": 46.61919974, "f_Y": -119.2132006}, {"line": "ln5865271-1", "index": 129, "from_br": "M1026354", "to_br": "L3235275", "is_Switch": 0, "nPhase": 3, "Phase": "ABC", "length": 0.071838269, "r": [0.270019, 0.109951, 0.113538, 0.109951, 0.264634, 0.110747, 0.113538, 0.110747, 0.271698], "x": [0.695974, 0.33351, 0.308271, 0.33351, 0.708729, 0.350259, 0.308271, 0.350259, 0.692021], "feeder": 2, "t_X": 46.61919974, "t_Y": -119.2132006, "f_X": 46.61984188, "f_Y": -119.2122403}, {"line": "ln5895818-1", "index": 116, "from_br": "M1026356", "to_br": "M1026354", "is_Switch": 0, "nPhase": 3, "Phase": "ABC", "length": 0.038743587, "r": [0.270019, 0.109951, 0.113538, 0.109951, 0.264634, 0.110747, 0.113538, 0.110747, 0.271698], "x": [0.695974, 0.33351, 0.308271, 0.33351, 0.708729, 0.350259, 0.308271, 0.350259, 0.692021], "feeder": 2, "t_X": 46.61984188, "t_Y": -119.2122403, "f_X": 46.6201627, "f_Y": -119.2116994}, {"line": "ln5532791-1", "index": 105, "from_br": "M1026357", "to_br": "M1026356", "is_Switch": 0, "nPhase": 3, "Phase": "ABC", "length": 0.029594278, "r": [0.270019, 0.109951, 0.113538, 0.109951, 0.264634, 0.110747, 0.113538, 0.110747, 0.271698], "x": [0.695974, 0.33351, 0.308271, 0.33351, 0.708729, 0.350259, 0.308271, 0.350259, 0.692021], "feeder": 2, "t_X": 46.6201627, "t_Y": -119.2116994, "f_X": 46.62041678, "f_Y": -119.211294}, {"line": "ln5956503-1", "index": 97, "from_br": "L3122849", "to_br": "M1026357", "is_Switch": 0, "nPhase": 3, "Phase": "ABC", "length": 0.083981418, "r": [0.270019, 0.109951, 0.113538, 0.109951, 0.264634, 0.110747, 0.113538, 0.110747, 0.271698], "x": [0.695974, 0.33351, 0.308271, 0.33351, 0.708729, 0.350259, 0.308271, 0.350259, 0.692021], "feeder": 2, "t_X": 46.62041678, "t_Y": -119.211294, "f_X": 46.62116826, "f_Y": -119.2101758}, {"line": "ln6320368-1", "index": 84, "from_br": "L2691954", "to_br": "L3122849", "is_Switch": 0, "nPhase": 3, "Phase": "ABC", "length": 0.064206951, "r": [0.270019, 0.109951, 0.113538, 0.109951, 0.264634, 0.110747, 0.113538, 0.110747, 0.271698], "x": [0.695974, 0.33351, 0.308271, 0.33351, 0.708729, 0.350259, 0.308271, 0.350259, 0.692021], "feeder": 2, "t_X": 46.62116826, "t_Y": -119.2101758, "f_X": 46.62170188, "f_Y": -119.209281}, {"line": "ln6229835-1", "index": 72, "from_br": "M1047292", "to_br": "L2691954", "is_Switch": 0, "nPhase": 3, "Phase": "ABC", "length": 0.088604518, "r": [0.270019, 0.109951, 0.113538, 0.109951, 0.264634, 0.110747, 0.113538, 0.110747, 0.271698], "x": [0.695974, 0.33351, 0.308271, 0.33351, 0.708729, 0.350259, 0.308271, 0.350259, 0.692021], "feeder": 2, "t_X": 46.62170188, "t_Y": -119.209281, "f_X": 46.62245572, "f_Y": -119.2080613}, {"line": "ln6047605-1", "index": 63, "from_br": "M1047293", "to_br": "M1047292", "is_Switch": 0, "nPhase": 3, "Phase": "ABC", "length": 0.020094199, "r": [0.270019, 0.109951, 0.113538, 0.109951, 0.264634, 0.110747, 0.113538, 0.110747, 0.271698], "x": [0.695974, 0.33351, 0.308271, 0.33351, 0.708729, 0.350259, 0.308271, 0.350259, 0.692021], "feeder": 2, "t_X": 46.62245572, "t_Y": -119.2080613, "f_X": 46.62264224, "f_Y": -119.2077995}, {"line": "ln6379462-3", "index": 56, "from_br": "L2763153", "to_br": "M1047293", "is_Switch": 0, "nPhase": 3, "Phase": "ABC", "length": 0.048347248, "r": [0.270019, 0.109951, 0.113538, 0.109951, 0.264634, 0.110747, 0.113538, 0.110747, 0.271698], "x": [0.695974, 0.33351, 0.308271, 0.33351, 0.708729, 0.350259, 0.308271, 0.350259, 0.692021], "feeder": 2, "t_X": 46.62264224, "t_Y": -119.2077995, "f_X": 46.623081, "f_Y": -119.2071597}, {"line": "ln6379462-2", "index": 48, "from_br": "L3139121", "to_br": "L2763153", "is_Switch": 0, "nPhase": 3, "Phase": "ABC", "length": 0.075011137, "r": [0.270019, 0.109951, 0.113538, 0.109951, 0.264634, 0.110747, 0.113538, 0.110747, 0.271698], "x": [0.695974, 0.33351, 0.308271, 0.33351, 0.708729, 0.350259, 0.308271, 0.350259, 0.692021], "feeder": 2, "t_X": 46.623081, "t_Y": -119.2071597, "f_X": 46.6236783, "f_Y": -119.2060926}, {"line": "ln6379462-1", "index": 43, "from_br": "M1047299", "to_br": "L3139121", "is_Switch": 0, "nPhase": 3, "Phase": "ABC", "length": 0.044989749, "r": [0.270019, 0.109951, 0.113538, 0.109951, 0.264634, 0.110747, 0.113538, 0.110747, 0.271698], "x": [0.695974, 0.33351, 0.308271, 0.33351, 0.708729, 0.350259, 0.308271, 0.350259, 0.692021], "feeder": 2, "t_X": 46.6236783, "t_Y": -119.2060926, "f_X": 46.62408654, "f_Y": -119.2054971}, {"line": "ln5804836-1", "index": 39, "from_br": "M1047300", "to_br": "M1047299", "is_Switch": 0, "nPhase": 3, "Phase": "ABC", "length": 0.062852147, "r": [0.270019, 0.109951, 0.113538, 0.109951, 0.264634, 0.110747, 0.113538, 0.110747, 0.271698], "x": [0.695974, 0.33351, 0.308271, 0.33351, 0.708729, 0.350259, 0.308271, 0.350259, 0.692021], "feeder": 2, "f_X": 46.6247246, "f_Y": -119.2047392, "t_X": 46.62408654, "t_Y": -119.2054971}, {"line": "ln5774497-1", "index": 40, "from_br": "L3027116", "to_br": "M1047300", "is_Switch": 0, "nPhase": 3, "Phase": "ABC", "length": 0.068887038, "r": [0.270019, 0.109951, 0.113538, 0.109951, 0.264634, 0.110747, 0.113538, 0.110747, 0.271698], "x": [0.695974, 0.33351, 0.308271, 0.33351, 0.708729, 0.350259, 0.308271, 0.350259, 0.692021], "feeder": 2, "t_X": 46.6247246, "t_Y": -119.2047392, "f_X": 46.6254012, "f_Y": -119.203882}, {"line": "ln5865272-1", "index": 45, "from_br": "M1047303", "to_br": "L3027116", "is_Switch": 0, "nPhase": 3, "Phase": "ABC", "length": 0.072205824, "r": [0.270019, 0.109951, 0.113538, 0.109951, 0.264634, 0.110747, 0.113538, 0.110747, 0.271698], "x": [0.695974, 0.33351, 0.308271, 0.33351, 0.708729, 0.350259, 0.308271, 0.350259, 0.692021], "feeder": 2, "t_X": 46.6254012, "t_Y": -119.203882, "f_X": 46.62612896, "f_Y": -119.203005}, {"line": "ln6380847-1", "index": 49, "from_br": "L3254238", "to_br": "M1047303", "is_Switch": 0, "nPhase": 3, "Phase": "ABC", "length": 0.099313729, "r": [0.270019, 0.109951, 0.113538, 0.109951, 0.264634, 0.110747, 0.113538, 0.110747, 0.271698], "x": [0.695974, 0.33351, 0.308271, 0.33351, 0.708729, 0.350259, 0.308271, 0.350259, 0.692021], "feeder": 2, "t_X": 46.62612896, "t_Y": -119.203005, "f_X": 46.62712412, "f_Y": -119.2017922}, {"line": "ln6350577-1", "index": 57, "from_br": "L2673346", "to_br": "L3254238", "is_Switch": 0, "nPhase": 3, "Phase": "ABC", "length": 0.12918061, "r": [0.270019, 0.109951, 0.113538, 0.109951, 0.264634, 0.110747, 0.113538, 0.110747, 0.271698], "x": [0.695974, 0.33351, 0.308271, 0.33351, 0.708729, 0.350259, 0.308271, 0.350259, 0.692021], "feeder": 2, "t_X": 46.62712412, "t_Y": -119.2017922, "f_X": 46.628414, "f_Y": -119.2002089}, {"line": "ln6171508-1", "index": 64, "from_br": "E182748", "to_br": "L2673346", "is_Switch": 0, "nPhase": 3, "Phase": "ABC", "length": 0.063959809, "r": [0.270019, 0.109951, 0.113538, 0.109951, 0.264634, 0.110747, 0.113538, 0.110747, 0.271698], "x": [0.695974, 0.33351, 0.308271, 0.33351, 0.708729, 0.350259, 0.308271, 0.350259, 0.692021], "feeder": 2, "t_X": 46.628414, "t_Y": -119.2002089, "f_X": 46.62905798, "f_Y": -119.1994313}, {"line": "l5523_48332_sw", "index": 74, "from_br": "D6049825-1_INT", "to_br": "E182748", "is_Switch": 1, "nPhase": 3, "Phase": "ABC", "length": 0.001, "r": [0.001, 0.0, 0.0, 0.0, 0.001, 0.0, 0.0, 0.0, 0.001], "x": [0.001, 0.0, 0.0, 0.0, 0.001, 0.0, 0.0, 0.0, 0.001], "feeder": 2, "t_X": 46.62905798, "t_Y": -119.1994313, "f_X": 46.62907898, "f_Y": -119.1994019}, {"line": "ln6049825-1", "index": 85, "from_br": "M1047309", "to_br": "D6049825-1_INT", "is_Switch": 0, "nPhase": 3, "Phase": "ABC", "length": 0.004571141, "r": [0.270019, 0.109951, 0.113538, 0.109951, 0.264634, 0.110747, 0.113538, 0.110747, 0.271698], "x": [0.695974, 0.33351, 0.308271, 0.33351, 0.708729, 0.350259, 0.308271, 0.350259, 0.692021], "feeder": 2, "t_X": 46.62907898, "t_Y": -119.1994019, "f_X": 46.62910402, "f_Y": -119.1993757}, {"line": "ln6320367-2", "index": 98, "from_br": "N1137960", "to_br": "M1047309", "is_Switch": 0, "nPhase": 3, "Phase": "ABC", "length": 0.02515208, "r": [0.270019, 0.109951, 0.113538, 0.109951, 0.264634, 0.1107